#reader(lib"read.ss""wxme")WXME0108 ## 
#|
   This file uses the GRacket editor format.
   Open this file in DrRacket version 5.0.2.1 or later to read it.

   Most likely, it was created by saving a program in DrRacket,
   and it probably contains a program with non-text elements
   (such as images or comment boxes).

            http://racket-lang.org/
|#
 28 7 #"wxtext\0"
3 1 6 #"wxtab\0"
1 1 8 #"wxmedia\0"
4 1 8 #"wximage\0"
2 0 34 #"(lib \"syntax-browser.ss\" \"mrlib\")\0"
1 0 16 #"drscheme:number\0"
3 0 44 #"(lib \"number-snip.ss\" \"drscheme\" \"private\")\0"
1 0 36 #"(lib \"comment-snip.ss\" \"framework\")\0"
1 0 43 #"(lib \"collapsed-snipclass.ss\" \"framework\")\0"
0 0 19 #"drscheme:sexp-snip\0"
0 0 36 #"(lib \"cache-image-snip.ss\" \"mrlib\")\0"
1 0 30 #"(lib \"image-core.ss\" \"mrlib\")\0"
1 0 33 #"(lib \"bullet-snip.ss\" \"browser\")\0"
0 0 29 #"drscheme:bindings-snipclass%\0"
1 0 25 #"(lib \"matrix.ss\" \"htdp\")\0"
1 0 22 #"drscheme:lambda-snip%\0"
1 0 57
#"(lib \"hrule-snip.rkt\" \"macro-debugger\" \"syntax-browser\")\0"
1 0 45 #"(lib \"image-snipr.ss\" \"slideshow\" \"private\")\0"
1 0 26 #"drscheme:pict-value-snip%\0"
0 0 38 #"(lib \"pict-snipclass.ss\" \"slideshow\")\0"
2 0 55 #"(lib \"vertical-separator-snip.ss\" \"stepper\" \"private\")\0"
1 0 18 #"drscheme:xml-snip\0"
1 0 31 #"(lib \"xml-snipclass.ss\" \"xml\")\0"
1 0 21 #"drscheme:scheme-snip\0"
2 0 34 #"(lib \"scheme-snipclass.ss\" \"xml\")\0"
1 0 10 #"text-box%\0"
1 0 32 #"(lib \"text-snipclass.ss\" \"xml\")\0"
1 0 15 #"test-case-box%\0"
2 0 1 6 #"wxloc\0"
          0 0 99 0 1 #"\0"
0 75 1 #"\0"
0 12 90 -1 90 -1 3 -1 0 1 0 1 0 0 0 0 0 0 0 0 0 0 0 255 255 255 1 -1 0 9
#"Standard\0"
0 75 11 #" Monospace\0"
0 12 90 -1 90 -1 3 -1 0 1 0 1 0 0 0 0 0 0 0 0 0 0 0 255 255 255 1 -1 2 1
#"\0"
0 -1 1 #"\0"
1 0 -1 -1 -1 -1 -1 -1 0 0 0 0 0 0 1 1 1 1 1 1 0 0 0 0 0 0 -1 -1 2 24
#"framework:default-color\0"
0 -1 1 #"\0"
1 0 -1 -1 -1 -1 -1 -1 0 0 0 0 0 0 0 0 0 1 1 1 255 0 255 0 0 0 -1 -1 2 1
#"\0"
0 -1 1 #"\0"
1 0 -1 -1 -1 -1 -1 -1 0 0 0 0 0 0 0 0 0 1 1 1 150 0 150 0 0 0 -1 -1 2 15
#"text:ports out\0"
0 -1 1 #"\0"
1 0 -1 -1 -1 -1 -1 -1 0 0 0 0 0 0 0 0 0 1 1 1 150 0 150 0 0 0 -1 -1 2 1
#"\0"
0 -1 1 #"\0"
1.0 0 -1 -1 93 -1 -1 -1 0 0 0 0 0 0 0 0 0 1.0 1.0 1.0 255 0 0 0 0 0 -1
-1 2 15 #"text:ports err\0"
0 -1 1 #"\0"
1.0 0 -1 -1 93 -1 -1 -1 0 0 0 0 0 0 0 0 0 1.0 1.0 1.0 255 0 0 0 0 0 -1
-1 2 1 #"\0"
0 -1 1 #"\0"
1 0 -1 -1 -1 -1 -1 -1 0 0 0 0 0 0 0 0 0 1 1 1 0 0 175 0 0 0 -1 -1 2 17
#"text:ports value\0"
0 -1 1 #"\0"
1 0 -1 -1 -1 -1 -1 -1 0 0 0 0 0 0 0 0 0 1 1 1 0 0 175 0 0 0 -1 -1 2 1
#"\0"
0 -1 1 #"\0"
1.0 0 92 -1 -1 -1 -1 -1 0 0 0 0 0 0 0 0 0 1.0 1.0 1.0 34 139 34 0 0 0 -1
-1 2 27 #"Matching Parenthesis Style\0"
0 -1 1 #"\0"
1.0 0 92 -1 -1 -1 -1 -1 0 0 0 0 0 0 0 0 0 1.0 1.0 1.0 34 139 34 0 0 0 -1
-1 2 1 #"\0"
0 -1 1 #"\0"
1 0 -1 -1 -1 -1 -1 -1 0 0 0 0 0 0 0 0 0 1 1 1 255 0 255 0 0 0 -1 -1 2 37
#"framework:syntax-color:scheme:symbol\0"
0 -1 1 #"\0"
1 0 -1 -1 -1 -1 -1 -1 0 0 0 0 0 0 0 0 0 1 1 1 255 0 255 0 0 0 -1 -1 2 38
#"framework:syntax-color:scheme:keyword\0"
0 -1 1 #"\0"
1 0 -1 -1 -1 -1 -1 -1 0 0 0 0 0 0 0 0 0 1 1 1 255 0 255 0 0 0 -1 -1 2 1
#"\0"
0 -1 1 #"\0"
1 0 90 -1 90 -1 -1 -1 0 0 0 0 0 0 0 0 0 1 1 1 0 0 0 0 0 0 -1 -1 2 38
#"framework:syntax-color:scheme:comment\0"
0 -1 1 #"\0"
1 0 90 -1 90 -1 -1 -1 0 0 0 0 0 0 0 0 0 1 1 1 0 0 0 0 0 0 -1 -1 2 1
#"\0"
0 -1 1 #"\0"
1 0 -1 -1 -1 -1 -1 -1 0 0 0 0 0 0 0 0 0 1 1 1 41 128 38 0 0 0 -1 -1 2 37
#"framework:syntax-color:scheme:string\0"
0 -1 1 #"\0"
1 0 -1 -1 -1 -1 -1 -1 0 0 0 0 0 0 0 0 0 1 1 1 41 128 38 0 0 0 -1 -1 2 39
#"framework:syntax-color:scheme:constant\0"
0 -1 1 #"\0"
1 0 -1 -1 -1 -1 -1 -1 0 0 0 0 0 0 0 0 0 1 1 1 41 128 38 0 0 0 -1 -1 2 1
#"\0"
0 -1 1 #"\0"
1 0 -1 -1 -1 -1 -1 -1 0 0 0 0 0 0 0 0 0 1 1 1 217 60 36 0 0 0 -1 -1 2 42
#"framework:syntax-color:scheme:parenthesis\0"
0 -1 1 #"\0"
1 0 -1 -1 -1 -1 -1 -1 0 0 0 0 0 0 0 0 0 1 1 1 217 60 36 0 0 0 -1 -1 2 1
#"\0"
0 -1 1 #"\0"
1 0 92 -1 93 -1 -1 -1 1 0 0 0 0 0 0 0 0 1 1 1 255 0 0 0 0 0 -1 -1 2 36
#"framework:syntax-color:scheme:error\0"
0 -1 1 #"\0"
1 0 92 -1 93 -1 -1 -1 1 0 0 0 0 0 0 0 0 1 1 1 255 0 0 0 0 0 -1 -1 2 36
#"framework:syntax-color:scheme:other\0"
0 -1 1 #"\0"
1 0 -1 -1 -1 -1 -1 -1 0 0 0 0 0 0 0 0 0 1 1 1 255 0 255 0 0 0 -1 -1 2 1
#"\0"
0 -1 1 #"\0"
1 0 -1 -1 -1 -1 -1 -1 0 0 0 0 0 0 0 0 0 1 1 1 81 112 203 0 0 0 -1 -1 2
38 #"drracket:check-syntax:lexically-bound\0"
0 -1 1 #"\0"
1 0 -1 -1 -1 -1 -1 -1 0 0 0 0 0 0 0 0 0 1 1 1 81 112 203 0 0 0 -1 -1 2 1
#"\0"
0 -1 1 #"\0"
1 0 -1 -1 -1 -1 -1 -1 0 0 0 0 0 0 0 0 0 1 1 1 178 34 34 0 0 0 -1 -1 2 28
#"drracket:check-syntax:set!d\0"
0 -1 1 #"\0"
1 0 -1 -1 -1 -1 -1 -1 0 0 0 0 0 0 0 0 0 1 1 1 178 34 34 0 0 0 -1 -1 2 1
#"\0"
0 -1 1 #"\0"
1 0 -1 -1 -1 -1 -1 -1 0 0 0 0 0 0 0 0 0 1 1 1 68 0 203 0 0 0 -1 -1 2 31
#"drracket:check-syntax:imported\0"
0 -1 1 #"\0"
1 0 -1 -1 -1 -1 -1 -1 0 0 0 0 0 0 0 0 0 1 1 1 68 0 203 0 0 0 -1 -1 2 47
#"drracket:check-syntax:my-obligation-style-pref\0"
0 -1 1 #"\0"
1 0 -1 -1 -1 -1 -1 -1 0 0 0 0 0 0 0 0 0 1 1 1 178 34 34 0 0 0 -1 -1 2 1
#"\0"
0 -1 1 #"\0"
1 0 -1 -1 -1 -1 -1 -1 0 0 0 0 0 0 0 0 0 1 1 1 0 116 0 0 0 0 -1 -1 2 50
#"drracket:check-syntax:their-obligation-style-pref\0"
0 -1 1 #"\0"
1 0 -1 -1 -1 -1 -1 -1 0 0 0 0 0 0 0 0 0 1 1 1 0 116 0 0 0 0 -1 -1 2 1
#"\0"
0 -1 1 #"\0"
1 0 -1 -1 -1 -1 -1 -1 0 0 0 0 0 0 0 0 0 1 1 1 0 0 0 0 0 0 -1 -1 2 48
#"drracket:check-syntax:unk-obligation-style-pref\0"
0 -1 1 #"\0"
1 0 -1 -1 -1 -1 -1 -1 0 0 0 0 0 0 0 0 0 1 1 1 0 0 0 0 0 0 -1 -1 2 1
#"\0"
0 -1 1 #"\0"
1 0 -1 -1 -1 -1 -1 -1 0 0 0 0 0 0 0 0 0 1 1 1 139 142 28 0 0 0 -1 -1 2
49 #"drracket:check-syntax:both-obligation-style-pref\0"
0 -1 1 #"\0"
1 0 -1 -1 -1 -1 -1 -1 0 0 0 0 0 0 0 0 0 1 1 1 139 142 28 0 0 0 -1 -1 4 1
#"\0"
0 70 1 #"\0"
1.0 0 -1 -1 -1 -1 -1 -1 0 0 0 0 0 0 1.0 1.0 1.0 1.0 1.0 1.0 0 0 0 0 0 0
-1 -1 4 4 #"XML\0"
0 70 1 #"\0"
1.0 0 -1 -1 -1 -1 -1 -1 0 0 0 0 0 0 1.0 1.0 1.0 1.0 1.0 1.0 0 0 0 0 0 0
-1 -1 4 1 #"\0"
0 71 1 #"\0"
1.0 0 -1 -1 -1 -1 -1 -1 0 0 0 0 0 0 1.0 1.0 1.0 1.0 1.0 1.0 0 0 0 0 0 0
-1 -1 4 1 #"\0"
0 -1 1 #"\0"
1.0 0 -1 -1 -1 -1 -1 -1 1 0 0 0 0 0 0 0 0 1.0 1.0 1.0 0 0 255 0 0 0 -1
-1 4 1 #"\0"
0 71 1 #"\0"
1.0 0 -1 -1 -1 -1 -1 -1 1 0 0 0 0 0 0 0 0 1.0 1.0 1.0 0 0 255 0 0 0 -1
-1 4 1 #"\0"
0 71 1 #"\0"
1.0 0 -1 -1 -1 -1 -1 -1 0 0 0 0 0 0 0 0 0 1.0 1.0 1.0 0 100 0 0 0 0 -1
-1 2 1 #"\0"
0 71 1 #"\0"
1.0 0 -1 -1 -1 -1 -1 -1 0 0 0 0 0 0 1.0 1.0 1.0 1.0 1.0 1.0 0 0 0 0 0 0
-1 -1 2 1 #"\0"
0 71 1 #"\0"
1.0 0 -1 -1 -1 -1 -1 -1 0 0 0 0 0 0 0 0 0 1.0 1.0 1.0 0 100 0 0 0 0 -1
-1 0 1 #"\0"
0 75 11 #" Monospace\0"
0.0 12 90 -1 90 -1 3 -1 0 1 0 1 0 0 0.0 0.0 0.0 0.0 0.0 0.0 0 0 0 255
255 255 1 -1 2 1 #"\0"
0 -1 1 #"\0"
1.0 0 -1 -1 -1 -1 -1 -1 0 0 0 0 0 0 0.0 0.0 0.0 1.0 1.0 1.0 38 38 128 0
0 0 -1 -1 2 1 #"\0"
0 -1 1 #"\0"
1.0 0 -1 -1 -1 -1 -1 -1 0 0 0 0 0 0 0.0 0.0 0.0 1.0 1.0 1.0 194 116 31 0
0 0 -1 -1 2 1 #"\0"
0 -1 1 #"\0"
1.0 0 -1 -1 -1 -1 -1 -1 0 0 0 0 0 0 0.0 0.0 0.0 1.0 1.0 1.0 132 60 36 0
0 0 -1 -1 2 1 #"\0"
0 -1 1 #"\0"
1.0 0 -1 -1 -1 -1 -1 -1 0 0 0 0 0 0 0.0 0.0 0.0 1.0 1.0 1.0 255 0 0 0 0
0 -1 -1 2 38 #"drscheme:check-syntax:lexically-bound\0"
0 -1 1 #"\0"
1 0 -1 -1 -1 -1 -1 -1 0 0 0 0 0 0 0 0 0 1 1 1 81 112 203 0 0 0 -1 -1 2
28 #"drscheme:check-syntax:set!d\0"
0 -1 1 #"\0"
1 0 -1 -1 -1 -1 -1 -1 0 0 0 0 0 0 0 0 0 1 1 1 178 34 34 0 0 0 -1 -1 2 31
#"drscheme:check-syntax:imported\0"
0 -1 1 #"\0"
1 0 -1 -1 -1 -1 -1 -1 0 0 0 0 0 0 0 0 0 1 1 1 68 0 203 0 0 0 -1 -1 8 1
#"\0"
0 -1 1 #"\0"
1.0 0 -1 -1 -1 -1 -1 -1 0 0 0 0 0 0 0.0 0.0 0.0 1.0 1.0 1.0 255 0 0 0 0
0 -1 -1 8 24 #"drscheme:text:ports err\0"
0 -1 1 #"\0"
1.0 0 -1 -1 -1 -1 -1 -1 0 0 0 0 0 0 0.0 0.0 0.0 1.0 1.0 1.0 255 0 0 0 0
0 -1 -1 0 1 #"\0"
0 75 1 #"\0"
0.0 10 90 -1 90 -1 3 -1 0 1 0 1 0 0 0.0 0.0 0.0 0.0 0.0 0.0 0 0 0 255
255 255 1 -1 0 1 #"\0"
0 75 12 #"Courier New\0"
0.0 10 90 -1 90 -1 3 -1 0 1 0 1 0 0 0.0 0.0 0.0 0.0 0.0 0.0 0 0 0 255
255 255 1 -1 2 41 #"profj:syntax-colors:scheme:block-comment\0"
0 -1 1 #"\0"
1.0 0 -1 -1 -1 -1 -1 -1 0 0 0 0 0 0 0.0 0.0 0.0 1.0 1.0 1.0 194 116 31 0
0 0 -1 -1 2 35 #"profj:syntax-colors:scheme:keyword\0"
0 -1 1 #"\0"
1 0 -1 -1 -1 -1 -1 -1 0 0 0 0 0 0 0 0 0 1 1 1 0 0 0 0 0 0 -1 -1 2 1
#"\0"
0 -1 1 #"\0"
1.0 0 -1 -1 -1 -1 -1 -1 0 0 0 0 0 0 0.0 0.0 0.0 1.0 1.0 1.0 139 0 139 0
0 0 -1 -1 2 37 #"profj:syntax-colors:scheme:prim-type\0"
0 -1 1 #"\0"
1.0 0 -1 -1 -1 -1 -1 -1 0 0 0 0 0 0 0.0 0.0 0.0 1.0 1.0 1.0 139 0 139 0
0 0 -1 -1 2 38 #"profj:syntax-colors:scheme:identifier\0"
0 -1 1 #"\0"
1.0 0 -1 -1 -1 -1 -1 -1 0 0 0 0 0 0 0.0 0.0 0.0 1.0 1.0 1.0 38 38 128 0
0 0 -1 -1 2 1 #"\0"
0 -1 1 #"\0"
1.0 0 -1 -1 -1 -1 -1 -1 0 0 0 0 0 0 0.0 0.0 0.0 1.0 1.0 1.0 34 139 34 0
0 0 -1 -1 2 34 #"profj:syntax-colors:scheme:string\0"
0 -1 1 #"\0"
1.0 0 -1 -1 -1 -1 -1 -1 0 0 0 0 0 0 0.0 0.0 0.0 1.0 1.0 1.0 34 139 34 0
0 0 -1 -1 2 35 #"profj:syntax-colors:scheme:literal\0"
0 -1 1 #"\0"
1.0 0 -1 -1 -1 -1 -1 -1 0 0 0 0 0 0 0.0 0.0 0.0 1.0 1.0 1.0 34 139 34 0
0 0 -1 -1 2 35 #"profj:syntax-colors:scheme:comment\0"
0 -1 1 #"\0"
1.0 0 -1 -1 -1 -1 -1 -1 0 0 0 0 0 0 0.0 0.0 0.0 1.0 1.0 1.0 194 116 31 0
0 0 -1 -1 2 33 #"profj:syntax-colors:scheme:error\0"
0 -1 1 #"\0"
1.0 0 -1 -1 -1 -1 -1 -1 0 0 0 0 0 0 0.0 0.0 0.0 1.0 1.0 1.0 255 0 0 0 0
0 -1 -1 2 35 #"profj:syntax-colors:scheme:default\0"
0 -1 1 #"\0"
1 0 -1 -1 -1 -1 -1 -1 0 0 0 0 0 0 0 0 0 1 1 1 0 0 0 0 0 0 -1 -1 2 37
#"profj:syntax-colors:scheme:uncovered\0"
0 -1 1 #"\0"
1 0 -1 -1 -1 -1 -1 -1 0 0 0 0 0 0 0 0 0 1 1 1 0 0 0 0 0 0 -1 -1 2 35
#"profj:syntax-colors:scheme:covered\0"
0 -1 1 #"\0"
1.0 0 -1 -1 -1 -1 -1 -1 0 0 0 0 0 0 0.0 0.0 0.0 1.0 1.0 1.0 139 0 139 0
0 0 -1 -1 22 1 #"\0"
0 -1 1 #"\0"
1.0 0 -1 -1 -1 -1 -1 -1 0 0 0 0 1 0 0.0 0.0 0.0 1.0 1.0 1.0 0 0 0 0 0 0
-1 -1 15 1 #"\0"
0 -1 1 #"\0"
1.0 0 -1 -1 -1 -1 -1 -1 0 0 0 0 1 0 0.0 0.0 0.0 1.0 1.0 1.0 0 0 0 0 0 0
-1 -1 4 1 #"\0"
0 -1 1 #"\0"
1.0 0 -1 -1 -1 -1 -1 -1 0 0 0 0 1 0 0.0 0.0 0.0 1.0 1.0 1.0 0 0 0 0 0 0
-1 -1 14 1 #"\0"
0 -1 1 #"\0"
1.0 0 -1 -1 -1 -1 -1 -1 0 0 0 0 1 0 0.0 0.0 0.0 1.0 1.0 1.0 0 0 0 0 0 0
-1 -1 19 1 #"\0"
0 -1 1 #"\0"
1.0 0 -1 -1 -1 -1 -1 -1 0 0 0 0 1 0 0.0 0.0 0.0 1.0 1.0 1.0 0 0 0 0 0 0
-1 -1 20 1 #"\0"
0 -1 1 #"\0"
1.0 0 -1 -1 -1 -1 -1 -1 0 0 0 0 1 0 0.0 0.0 0.0 1.0 1.0 1.0 0 0 0 0 0 0
-1 -1 22 1 #"\0"
0 -1 1 #"\0"
1.0 0 -1 -1 -1 -1 -1 -1 0 0 0 0 0 1 0.0 0.0 0.0 0.0 0.0 0.0 255 165 0 0
0 0 -1 -1 14 1 #"\0"
0 -1 1 #"\0"
1.0 0 -1 -1 -1 -1 -1 -1 0 0 0 0 0 1 0.0 0.0 0.0 0.0 0.0 0.0 255 165 0 0
0 0 -1 -1 4 1 #"\0"
0 -1 1 #"\0"
1.0 0 -1 -1 -1 -1 -1 -1 0 0 0 0 0 1 0.0 0.0 0.0 0.0 0.0 0.0 255 165 0 0
0 0 -1 -1 19 1 #"\0"
0 -1 1 #"\0"
1.0 0 -1 -1 -1 -1 -1 -1 0 0 0 0 0 1 0.0 0.0 0.0 0.0 0.0 0.0 255 165 0 0
0 0 -1 -1 20 1 #"\0"
0 -1 1 #"\0"
1.0 0 -1 -1 -1 -1 -1 -1 0 0 0 0 0 1 0.0 0.0 0.0 0.0 0.0 0.0 255 165 0 0
0 0 -1 -1 22 1 #"\0"
0 -1 1 #"\0"
1.0 0 -1 -1 -1 -1 -1 -1 0 0 0 0 1 0 0.0 0.0 0.0 0.0 0.0 0.0 0 0 0 255
255 255 -1 -1 15 1 #"\0"
0 -1 1 #"\0"
1.0 0 -1 -1 -1 -1 -1 -1 0 0 0 0 1 0 0.0 0.0 0.0 0.0 0.0 0.0 0 0 0 255
255 255 -1 -1 4 1 #"\0"
0 -1 1 #"\0"
1.0 0 -1 -1 -1 -1 -1 -1 0 0 0 0 1 0 0.0 0.0 0.0 0.0 0.0 0.0 0 0 0 255
255 255 -1 -1 14 1 #"\0"
0 -1 1 #"\0"
1.0 0 -1 -1 -1 -1 -1 -1 0 0 0 0 1 0 0.0 0.0 0.0 0.0 0.0 0.0 0 0 0 255
255 255 -1 -1 19 1 #"\0"
0 -1 1 #"\0"
1.0 0 -1 -1 -1 -1 -1 -1 0 0 0 0 1 0 0.0 0.0 0.0 0.0 0.0 0.0 0 0 0 255
255 255 -1 -1 20 1 #"\0"
0 -1 1 #"\0"
1.0 0 -1 -1 -1 -1 -1 -1 0 0 0 0 1 0 0.0 0.0 0.0 0.0 0.0 0.0 0 0 0 255
255 255 -1 -1 4 1 #"\0"
0 -1 1 #"\0"
1.0 0 92 -1 -1 -1 -1 -1 0 0 0 0 0 1 0.0 0.0 0.0 0.0 0.0 0.0 0 0 0 255
255 0 -1 -1 15 1 #"\0"
0 -1 1 #"\0"
1.0 0 -1 -1 -1 -1 -1 -1 0 0 0 0 0 1 0.0 0.0 0.0 0.0 0.0 0.0 255 165 0 0
0 0 -1 -1 24 1 #"\0"
0 -1 1 #"\0"
1.0 0 -1 -1 -1 -1 -1 -1 0 0 0 0 1 0 0.0 0.0 0.0 1.0 1.0 1.0 0 0 0 0 0 0
-1 -1 24 1 #"\0"
0 -1 1 #"\0"
1.0 0 -1 -1 -1 -1 -1 -1 0 0 0 0 1 0 0.0 0.0 0.0 0.0 0.0 0.0 0 0 0 255
255 255 -1 -1 17 1 #"\0"
0 -1 1 #"\0"
1.0 0 -1 -1 -1 -1 -1 -1 0 0 0 0 1 0 0.0 0.0 0.0 0.0 0.0 0.0 0 0 0 255
255 255 -1 -1 24 1 #"\0"
0 -1 1 #"\0"
1.0 0 -1 -1 -1 -1 -1 -1 0 0 0 0 0 1 0.0 0.0 0.0 0.0 0.0 0.0 255 165 0 0
0 0 -1 -1 0 1 #"\0"
0 -1 1 #"\0"
0 10 -1 -1 -1 -1 -1 -1 0 0 0 0 0 0 1.0 1.0 1.0 1.0 1.0 1.0 0 0 0 0 0 0
-1 -1 2 1 #"\0"
0 -1 1 #"\0"
0 10 -1 -1 -1 -1 -1 -1 0 0 0 0 0 0 1.0 1.0 1.0 1.0 1.0 1.0 0 0 0 0 0 0
-1 -1 2 1 #"\0"
0 -1 1 #"\0"
1.0 0 -1 -1 -1 -1 -1 -1 1 0 0 0 0 0 1.0 1.0 1.0 1.0 1.0 1.0 0 0 0 0 0 0
-1 -1 2 1 #"\0"
0 -1 1 #"\0"
1.0 0 -1 -1 -1 -1 -1 -1 1 0 0 0 0 0 0 0 0 1.0 1.0 1.0 65 105 225 0 0 0
-1 -1           0 1040 0 4 3 85
(
 #";; The first three lines of this file were inserted by DrRacket. The"
 #"y record metadata"
) 0 0 4 29 1 #"\n"
0 0 4 3 85
(
 #";; about the language level of this file in a form that our tools ca"
 #"n easily process."
) 0 0 4 29 1 #"\n"
0 0 4 3 348
(
 #"#reader(lib \"htdp-advanced-reader.ss\" \"lang\")((modname |deadlies"
 #"t warrior racketbat|) (read-case-sensitive #t) (teachpacks ((lib \"u"
 #"niverse.ss\" \"teachpack\" \"2htdp"
 #"\") (lib \"image.ss\" \"teachpack\" \"2htdp\"))) (htdp-settings #(#t"
 #" constructor repeating-decimal #t"
 #" #t none #f ((lib \"universe.ss\" \"teachpack\" \"2htdp\") (lib \"im"
 #"age.ss\" \"teachpack\" \"2htdp\")))))"
) 0 0 4 29 1 #"\n"
0 7         595 85           0 0           0 98 0 14 3 9 #"character"
0 0 2 3 1 #" "
0 0 14 3 7 #"classes"
0 0 2 29 1 #"\n"
0 0 2 3 13 #"             "
0 0 14 3 6 #"combat"
0 0 2 3 3 #"   "
0 0 14 3 5 #"magic"
0 0 2 3 3 #"   "
0 0 14 3 7 #"stealth"
0 0 2 29 1 #"\n"
0 0 14 3 7 #"acrobat"
0 0 2 3 8 #"        "
0 0 20 3 1 #"2"
0 0 2 3 8 #"        "
0 0 20 3 1 #"0"
0 0 2 3 8 #"        "
0 0 20 3 1 #"5"
0 0 2 29 1 #"\n"
0 0 14 3 6 #"archer"
0 0 2 3 9 #"         "
0 0 20 3 1 #"4"
0 0 2 3 8 #"        "
0 0 20 3 1 #"0"
0 0 2 3 8 #"        "
0 0 20 3 1 #"3"
0 0 2 29 1 #"\n"
0 0 14 3 8 #"assassin"
0 0 2 3 7 #"       "
0 0 20 3 1 #"1"
0 0 2 3 8 #"        "
0 0 20 3 1 #"1"
0 0 2 3 8 #"        "
0 0 20 3 1 #"5"
0 0 2 29 1 #"\n"
0 0 14 3 9 #"barbarian"
0 0 2 3 6 #"      "
0 0 20 3 1 #"6"
0 0 2 3 8 #"        "
0 0 20 3 1 #"0"
0 0 2 3 8 #"        "
0 0 20 3 1 #"1"
0 0 2 29 1 #"\n"
0 0 14 3 10 #"battlemage"
0 0 2 3 5 #"     "
0 0 20 3 1 #"2"
0 0 2 3 8 #"        "
0 0 20 3 1 #"5"
0 0 2 3 8 #"        "
0 0 20 3 1 #"0"
0 0 2 29 1 #"\n"
0 0 14 3 6 #"knight"
0 0 2 3 9 #"         "
0 0 20 3 1 #"5"
0 0 2 3 8 #"        "
0 0 20 3 1 #"1"
0 0 2 3 8 #"        "
0 0 20 3 1 #"1"
0 0 2 29 1 #"\n"
0 0 14 3 4 #"mage"
0 0 2 3 11 #"           "
0 0 20 3 1 #"0"
0 0 2 3 8 #"        "
0 0 20 3 1 #"7"
0 0 2 3 8 #"        "
0 0 20 3 1 #"0"
0 0 2 29 1 #"\n"
0 0 14 3 5 #"rogue"
0 0 2 3 10 #"          "
0 0 20 3 1 #"3"
0 0 2 3 8 #"        "
0 0 20 3 1 #"2"
0 0 2 3 8 #"        "
0 0 20 3 1 #"2"
0 0 2 29 1 #"\n"
0 0 14 3 8 #"sorceror"
0 0 2 3 7 #"       "
0 0 20 3 1 #"1"
0 0 2 3 8 #"        "
0 0 20 3 1 #"6"
0 0 2 3 8 #"        "
0 0 20 3 1 #"0"
0 0 2 29 1 #"\n"
0 0 14 3 5 #"thief"
0 0 2 3 10 #"          "
0 0 20 3 1 #"0"
0 0 2 3 8 #"        "
0 0 20 3 1 #"0"
0 0 2 3 8 #"        "
0 0 20 3 1 #"7"
0 0 2 29 1 #"\n"
0 0 14 3 7 #"warrior"
0 0 2 3 8 #"        "
0 0 20 3 1 #"7"
0 0 2 3 8 #"        "
0 0 20 3 1 #"0"
0 0 2 3 8 #"        "
0 0 20 3 1 #"0"
0           0 0 0 85 29 1 #"\n"
0 0 17 3 15 #";; a fighter is"
0 0 85 29 1 #"\n"
0 0 17 3 37 #";;(make-fighter number number number)"
0 0 85 29 1 #"\n"
0 0 22 3 1 #"("
0 0 15 3 13 #"define-struct"
0 0 85 3 1 #" "
0 0 14 3 7 #"fighter"
0 0 85 3 1 #" "
0 0 22 3 1 #"("
0 0 14 3 6 #"combat"
0 0 85 3 1 #" "
0 0 14 3 5 #"magic"
0 0 85 3 1 #" "
0 0 14 3 7 #"stealth"
0 0 22 3 2 #"))"
0 0 85 29 1 #"\n"
0 0 85 29 1 #"\n"
0 0 17 3 40 #";; fighter=?: fighter fighter -> boolean"
0 0 85 29 1 #"\n"
0 0 17 3 25 #";; consumes: two fighters"
0 0 85 29 1 #"\n"
0 0 17 3 45 #";; produces: whether or not they are the same"
0 0 85 29 1 #"\n"
0 0 22 3 1 #"("
0 0 15 3 6 #"define"
0 0 85 3 1 #" "
0 0 22 3 1 #"("
0 0 14 3 9 #"fighter=?"
0 0 85 3 1 #" "
0 0 14 3 8 #"fighter1"
0 0 85 3 1 #" "
0 0 14 3 8 #"fighter2"
0 0 22 3 1 #")"
0 0 85 29 1 #"\n"
0 0 85 3 2 #"  "
0 0 22 3 1 #"("
0 0 14 3 3 #"and"
0 0 85 3 1 #" "
0 0 22 3 1 #"("
0 0 14 3 1 #"="
0 0 85 3 1 #" "
0 0 22 3 1 #"("
0 0 14 3 14 #"fighter-combat"
0 0 85 3 1 #" "
0 0 14 3 8 #"fighter1"
0 0 22 3 1 #")"
0 0 85 3 1 #" "
0 0 85 29 1 #"\n"
0 0 85 3 10 #"          "
0 0 22 3 1 #"("
0 0 14 3 14 #"fighter-combat"
0 0 85 3 1 #" "
0 0 14 3 8 #"fighter2"
0 0 22 3 2 #"))"
0 0 85 3 1 #" "
0 0 85 29 1 #"\n"
0 0 85 3 7 #"       "
0 0 22 3 1 #"("
0 0 14 3 3 #"and"
0 0 85 3 1 #" "
0 0 22 3 1 #"("
0 0 14 3 1 #"="
0 0 85 3 1 #" "
0 0 22 3 1 #"("
0 0 14 3 13 #"fighter-magic"
0 0 85 3 1 #" "
0 0 14 3 8 #"fighter1"
0 0 22 3 1 #")"
0 0 85 3 1 #" "
0 0 85 29 1 #"\n"
0 0 85 3 15 #"               "
0 0 22 3 1 #"("
0 0 14 3 13 #"fighter-magic"
0 0 85 3 1 #" "
0 0 14 3 8 #"fighter2"
0 0 22 3 2 #"))"
0 0 85 29 1 #"\n"
0 0 85 3 12 #"            "
0 0 22 3 1 #"("
0 0 14 3 1 #"="
0 0 85 3 1 #" "
0 0 22 3 1 #"("
0 0 14 3 15 #"fighter-stealth"
0 0 85 3 1 #" "
0 0 14 3 8 #"fighter1"
0 0 22 3 1 #")"
0 0 85 3 1 #" "
0 0 85 29 1 #"\n"
0 0 85 3 15 #"               "
0 0 22 3 1 #"("
0 0 14 3 15 #"fighter-stealth"
0 0 85 3 1 #" "
0 0 14 3 8 #"fighter2"
0 0 22 3 5 #")))))"
0 0 85 29 1 #"\n"
0 0 85 29 1 #"\n"
0 0 22 3 1 #"("
0 0 15 3 6 #"define"
0 0 85 3 1 #" "
0 0 14 3 7 #"acrobat"
0 0 85 3 1 #" "
0 0 22 3 1 #"("
0 0 14 3 12 #"make-fighter"
0 0 85 3 1 #" "
0 0 20 3 1 #"2"
0 0 85 3 1 #" "
0 0 20 3 1 #"0"
0 0 85 3 1 #" "
0 0 20 3 1 #"5"
0 0 22 3 2 #"))"
0 0 85 29 1 #"\n"
0 0 22 3 1 #"("
0 0 15 3 6 #"define"
0 0 85 3 1 #" "
0 0 14 3 6 #"archer"
0 0 85 3 1 #" "
0 0 22 3 1 #"("
0 0 14 3 12 #"make-fighter"
0 0 85 3 1 #" "
0 0 20 3 1 #"4"
0 0 85 3 1 #" "
0 0 20 3 1 #"0"
0 0 85 3 1 #" "
0 0 20 3 1 #"3"
0 0 22 3 2 #"))"
0 0 85 29 1 #"\n"
0 0 22 3 1 #"("
0 0 15 3 6 #"define"
0 0 85 3 1 #" "
0 0 14 3 8 #"assassin"
0 0 85 3 1 #" "
0 0 22 3 1 #"("
0 0 14 3 12 #"make-fighter"
0 0 85 3 1 #" "
0 0 20 3 1 #"1"
0 0 85 3 1 #" "
0 0 20 3 1 #"1"
0 0 85 3 1 #" "
0 0 20 3 1 #"5"
0 0 22 3 2 #"))"
0 0 85 29 1 #"\n"
0 0 22 3 1 #"("
0 0 15 3 6 #"define"
0 0 85 3 1 #" "
0 0 14 3 9 #"barbarian"
0 0 85 3 1 #" "
0 0 22 3 1 #"("
0 0 14 3 12 #"make-fighter"
0 0 85 3 1 #" "
0 0 20 3 1 #"6"
0 0 85 3 1 #" "
0 0 20 3 1 #"0"
0 0 85 3 1 #" "
0 0 20 3 1 #"1"
0 0 22 3 2 #"))"
0 0 85 29 1 #"\n"
0 0 22 3 1 #"("
0 0 15 3 6 #"define"
0 0 85 3 1 #" "
0 0 14 3 10 #"battlemage"
0 0 85 3 1 #" "
0 0 22 3 1 #"("
0 0 14 3 12 #"make-fighter"
0 0 85 3 1 #" "
0 0 20 3 1 #"2"
0 0 85 3 1 #" "
0 0 20 3 1 #"5"
0 0 85 3 1 #" "
0 0 20 3 1 #"0"
0 0 22 3 2 #"))"
0 0 85 29 1 #"\n"
0 0 22 3 1 #"("
0 0 15 3 6 #"define"
0 0 85 3 1 #" "
0 0 14 3 6 #"knight"
0 0 85 3 1 #" "
0 0 22 3 1 #"("
0 0 14 3 12 #"make-fighter"
0 0 85 3 1 #" "
0 0 20 3 1 #"5"
0 0 85 3 1 #" "
0 0 20 3 1 #"1"
0 0 85 3 1 #" "
0 0 20 3 1 #"1"
0 0 22 3 2 #"))"
0 0 85 29 1 #"\n"
0 0 22 3 1 #"("
0 0 15 3 6 #"define"
0 0 85 3 1 #" "
0 0 14 3 4 #"mage"
0 0 85 3 1 #" "
0 0 22 3 1 #"("
0 0 14 3 12 #"make-fighter"
0 0 85 3 1 #" "
0 0 20 3 1 #"0"
0 0 85 3 1 #" "
0 0 20 3 1 #"7"
0 0 85 3 1 #" "
0 0 20 3 1 #"0"
0 0 22 3 2 #"))"
0 0 85 29 1 #"\n"
0 0 22 3 1 #"("
0 0 15 3 6 #"define"
0 0 85 3 1 #" "
0 0 14 3 5 #"rogue"
0 0 85 3 1 #" "
0 0 22 3 1 #"("
0 0 14 3 12 #"make-fighter"
0 0 85 3 1 #" "
0 0 20 3 1 #"3"
0 0 85 3 1 #" "
0 0 20 3 1 #"2"
0 0 85 3 1 #" "
0 0 20 3 1 #"2"
0 0 22 3 2 #"))"
0 0 85 29 1 #"\n"
0 0 22 3 1 #"("
0 0 15 3 6 #"define"
0 0 85 3 1 #" "
0 0 14 3 8 #"sorceror"
0 0 85 3 1 #" "
0 0 22 3 1 #"("
0 0 14 3 12 #"make-fighter"
0 0 85 3 1 #" "
0 0 20 3 1 #"1"
0 0 85 3 1 #" "
0 0 20 3 1 #"6"
0 0 85 3 1 #" "
0 0 20 3 1 #"0"
0 0 22 3 2 #"))"
0 0 85 29 1 #"\n"
0 0 22 3 1 #"("
0 0 15 3 6 #"define"
0 0 85 3 1 #" "
0 0 14 3 5 #"thief"
0 0 85 3 1 #" "
0 0 22 3 1 #"("
0 0 14 3 12 #"make-fighter"
0 0 85 3 1 #" "
0 0 20 3 1 #"0"
0 0 85 3 1 #" "
0 0 20 3 1 #"0"
0 0 85 3 1 #" "
0 0 20 3 1 #"7"
0 0 22 3 2 #"))"
0 0 85 29 1 #"\n"
0 0 22 3 1 #"("
0 0 15 3 6 #"define"
0 0 85 3 1 #" "
0 0 14 3 7 #"warrior"
0 0 85 3 1 #" "
0 0 22 3 1 #"("
0 0 14 3 12 #"make-fighter"
0 0 85 3 1 #" "
0 0 20 3 1 #"7"
0 0 85 3 1 #" "
0 0 20 3 1 #"0"
0 0 85 3 1 #" "
0 0 20 3 1 #"0"
0 0 22 3 2 #"))"
0 0 85 29 1 #"\n"
0 0 85 29 1 #"\n"
0 0 17 3 43 #";; best-fighter: fighter fighter -> fighter"
0 0 85 29 1 #"\n"
0 0 17 3 25 #";; consumes: two fighters"
0 0 85 29 1 #"\n"
0 0 17 3 46 #";; produces: who has the higher fighting skill"
0 0 85 29 1 #"\n"
0 0 22 3 1 #"("
0 0 15 3 6 #"define"
0 0 85 3 1 #" "
0 0 22 3 1 #"("
0 0 14 3 12 #"best-fighter"
0 0 85 3 1 #" "
0 0 14 3 8 #"fighter1"
0 0 85 3 1 #" "
0 0 14 3 8 #"fighter2"
0 0 22 3 1 #")"
0 0 85 29 1 #"\n"
0 0 85 3 2 #"  "
0 0 22 3 1 #"("
0 0 15 3 4 #"cond"
0 0 85 29 1 #"\n"
0 0 85 3 4 #"    "
0 0 22 3 2 #"[("
0 0 14 3 1 #">"
0 0 85 3 1 #" "
0 0 22 3 1 #"("
0 0 14 3 14 #"fighter-combat"
0 0 85 3 1 #" "
0 0 14 3 8 #"fighter1"
0 0 22 3 1 #")"
0 0 85 3 1 #" "
0 0 85 29 1 #"\n"
0 0 85 3 8 #"        "
0 0 22 3 1 #"("
0 0 14 3 14 #"fighter-combat"
0 0 85 3 1 #" "
0 0 14 3 8 #"fighter2"
0 0 22 3 2 #"))"
0 0 85 3 1 #" "
0 0 14 3 8 #"fighter1"
0 0 22 3 1 #"]"
0 0 85 29 1 #"\n"
0 0 85 3 4 #"    "
0 0 22 3 2 #"[("
0 0 14 3 1 #"<"
0 0 85 3 1 #" "
0 0 22 3 1 #"("
0 0 14 3 14 #"fighter-combat"
0 0 85 3 1 #" "
0 0 14 3 8 #"fighter1"
0 0 22 3 1 #")"
0 0 85 3 1 #" "
0 0 85 29 1 #"\n"
0 0 85 3 8 #"        "
0 0 22 3 1 #"("
0 0 14 3 14 #"fighter-combat"
0 0 85 3 1 #" "
0 0 14 3 8 #"fighter2"
0 0 22 3 2 #"))"
0 0 85 3 1 #" "
0 0 14 3 8 #"fighter2"
0 0 22 3 1 #"]"
0 0 85 29 1 #"\n"
0 0 85 3 4 #"    "
0 0 22 3 2 #"[("
0 0 14 3 1 #"="
0 0 85 3 1 #" "
0 0 22 3 1 #"("
0 0 14 3 14 #"fighter-combat"
0 0 85 3 1 #" "
0 0 14 3 8 #"fighter1"
0 0 22 3 1 #")"
0 0 85 29 1 #"\n"
0 0 85 3 8 #"        "
0 0 22 3 1 #"("
0 0 14 3 14 #"fighter-combat"
0 0 85 3 1 #" "
0 0 14 3 8 #"fighter2"
0 0 22 3 2 #"))"
0 0 85 3 1 #" "
0 0 22 3 1 #"("
0 0 15 3 4 #"cond"
0 0 85 29 1 #"\n"
0 0 85 3 37 #"                                     "
0 0 22 3 2 #"[("
0 0 14 3 1 #">"
0 0 85 3 1 #" "
0 0 22 3 1 #"("
0 0 14 3 13 #"fighter-magic"
0 0 85 3 1 #" "
0 0 14 3 8 #"fighter1"
0 0 22 3 1 #")"
0 0 85 29 1 #"\n"
0 0 85 3 41 #"                                         "
0 0 22 3 1 #"("
0 0 14 3 13 #"fighter-magic"
0 0 85 3 1 #" "
0 0 14 3 8 #"fighter2"
0 0 22 3 2 #"))"
0 0 85 3 1 #" "
0 0 14 3 8 #"fighter1"
0 0 22 3 1 #"]"
0 0 85 29 1 #"\n"
0 0 85 3 37 #"                                     "
0 0 22 3 2 #"[("
0 0 14 3 1 #"<"
0 0 85 3 1 #" "
0 0 22 3 1 #"("
0 0 14 3 13 #"fighter-magic"
0 0 85 3 1 #" "
0 0 14 3 8 #"fighter1"
0 0 22 3 1 #")"
0 0 85 29 1 #"\n"
0 0 85 3 41 #"                                         "
0 0 22 3 1 #"("
0 0 14 3 13 #"fighter-magic"
0 0 85 3 1 #" "
0 0 14 3 8 #"fighter2"
0 0 22 3 2 #"))"
0 0 85 3 1 #" "
0 0 14 3 8 #"fighter2"
0 0 22 3 1 #"]"
0 0 85 29 1 #"\n"
0 0 85 3 37 #"                                     "
0 0 22 3 1 #"["
0 0 14 3 4 #"else"
0 0 85 3 1 #" "
0 0 19 3 5 #"\"tie\""
0 0 22 3 5 #"])]))"
0 0 85 29 1 #"\n"
0 0 85 29 1 #"\n"
0 0 17 3 40 #";; best-mage: fighter fighter -> fighter"
0 0 85 29 1 #"\n"
0 0 17 3 25 #";; consumes: two fighters"
0 0 85 29 1 #"\n"
0 0 17 3 43 #";; produces: who has the higher magic skill"
0 0 85 29 1 #"\n"
0 0 22 3 1 #"("
0 0 15 3 6 #"define"
0 0 85 3 1 #" "
0 0 22 3 1 #"("
0 0 14 3 9 #"best-mage"
0 0 85 3 1 #" "
0 0 14 3 8 #"fighter1"
0 0 85 3 1 #" "
0 0 14 3 8 #"fighter2"
0 0 22 3 1 #")"
0 0 85 29 1 #"\n"
0 0 85 3 2 #"  "
0 0 22 3 1 #"("
0 0 15 3 4 #"cond"
0 0 85 29 1 #"\n"
0 0 85 3 4 #"    "
0 0 22 3 2 #"[("
0 0 14 3 1 #">"
0 0 85 3 1 #" "
0 0 22 3 1 #"("
0 0 14 3 13 #"fighter-magic"
0 0 85 3 1 #" "
0 0 14 3 8 #"fighter1"
0 0 22 3 1 #")"
0 0 85 3 1 #" "
0 0 85 29 1 #"\n"
0 0 85 3 8 #"        "
0 0 22 3 1 #"("
0 0 14 3 13 #"fighter-magic"
0 0 85 3 1 #" "
0 0 14 3 8 #"fighter2"
0 0 22 3 2 #"))"
0 0 85 3 1 #" "
0 0 14 3 8 #"fighter1"
0 0 22 3 1 #"]"
0 0 85 29 1 #"\n"
0 0 85 3 4 #"    "
0 0 22 3 2 #"[("
0 0 14 3 1 #"<"
0 0 85 3 1 #" "
0 0 22 3 1 #"("
0 0 14 3 13 #"fighter-magic"
0 0 85 3 1 #" "
0 0 14 3 8 #"fighter1"
0 0 22 3 1 #")"
0 0 85 3 1 #" "
0 0 85 29 1 #"\n"
0 0 85 3 8 #"        "
0 0 22 3 1 #"("
0 0 14 3 13 #"fighter-magic"
0 0 85 3 1 #" "
0 0 14 3 8 #"fighter2"
0 0 22 3 2 #"))"
0 0 85 3 1 #" "
0 0 14 3 8 #"fighter2"
0 0 22 3 1 #"]"
0 0 85 29 1 #"\n"
0 0 85 3 4 #"    "
0 0 22 3 2 #"[("
0 0 14 3 1 #"="
0 0 85 3 1 #" "
0 0 22 3 1 #"("
0 0 14 3 13 #"fighter-magic"
0 0 85 3 1 #" "
0 0 14 3 8 #"fighter1"
0 0 22 3 1 #")"
0 0 85 3 1 #" "
0 0 85 29 1 #"\n"
0 0 85 3 8 #"        "
0 0 22 3 1 #"("
0 0 14 3 13 #"fighter-magic"
0 0 85 3 1 #" "
0 0 14 3 8 #"fighter2"
0 0 22 3 2 #"))"
0 0 85 3 1 #" "
0 0 22 3 1 #"("
0 0 15 3 4 #"cond"
0 0 85 29 1 #"\n"
0 0 85 3 36 #"                                    "
0 0 22 3 2 #"[("
0 0 14 3 1 #">"
0 0 85 3 1 #" "
0 0 22 3 1 #"("
0 0 14 3 15 #"fighter-stealth"
0 0 85 3 1 #" "
0 0 14 3 8 #"fighter1"
0 0 22 3 1 #")"
0 0 85 3 1 #" "
0 0 85 29 1 #"\n"
0 0 85 3 40 #"                                        "
0 0 22 3 1 #"("
0 0 14 3 15 #"fighter-stealth"
0 0 85 3 1 #" "
0 0 14 3 8 #"fighter2"
0 0 22 3 2 #"))"
0 0 85 3 1 #" "
0 0 14 3 8 #"fighter1"
0 0 22 3 1 #"]"
0 0 85 29 1 #"\n"
0 0 85 3 36 #"                                    "
0 0 22 3 2 #"[("
0 0 14 3 1 #"<"
0 0 85 3 1 #" "
0 0 22 3 1 #"("
0 0 14 3 15 #"fighter-stealth"
0 0 85 3 1 #" "
0 0 14 3 8 #"fighter1"
0 0 22 3 1 #")"
0 0 85 29 1 #"\n"
0 0 85 3 40 #"                                        "
0 0 22 3 1 #"("
0 0 14 3 15 #"fighter-stealth"
0 0 85 3 1 #" "
0 0 14 3 8 #"fighter2"
0 0 22 3 2 #"))"
0 0 85 3 1 #" "
0 0 14 3 8 #"fighter2"
0 0 22 3 1 #"]"
0 0 85 29 1 #"\n"
0 0 85 3 36 #"                                    "
0 0 22 3 1 #"["
0 0 14 3 4 #"else"
0 0 85 3 1 #" "
0 0 19 3 5 #"\"tie\""
0 0 22 3 5 #"])]))"
0 0 85 29 1 #"\n"
0 0 85 29 1 #"\n"
0 0 17 3 44 #";; best-assassin: fighter fighter -> fighter"
0 0 85 29 1 #"\n"
0 0 17 3 25 #";; consumes: two fighters"
0 0 85 29 1 #"\n"
0 0 17 3 45 #";; produces: who has the higher stealth skill"
0 0 85 29 1 #"\n"
0 0 22 3 1 #"("
0 0 15 3 6 #"define"
0 0 85 3 1 #" "
0 0 22 3 1 #"("
0 0 14 3 13 #"best-assassin"
0 0 85 3 1 #" "
0 0 14 3 8 #"fighter1"
0 0 85 3 1 #" "
0 0 14 3 8 #"fighter2"
0 0 22 3 1 #")"
0 0 85 29 1 #"\n"
0 0 85 3 2 #"  "
0 0 22 3 1 #"("
0 0 15 3 4 #"cond"
0 0 85 29 1 #"\n"
0 0 85 3 4 #"    "
0 0 22 3 2 #"[("
0 0 14 3 1 #">"
0 0 85 3 1 #" "
0 0 22 3 1 #"("
0 0 14 3 15 #"fighter-stealth"
0 0 85 3 1 #" "
0 0 14 3 8 #"fighter1"
0 0 22 3 1 #")"
0 0 85 3 1 #" "
0 0 85 29 1 #"\n"
0 0 85 3 8 #"        "
0 0 22 3 1 #"("
0 0 14 3 15 #"fighter-stealth"
0 0 85 3 1 #" "
0 0 14 3 8 #"fighter2"
0 0 22 3 2 #"))"
0 0 85 3 1 #" "
0 0 14 3 8 #"fighter1"
0 0 22 3 1 #"]"
0 0 85 29 1 #"\n"
0 0 85 3 4 #"    "
0 0 22 3 2 #"[("
0 0 14 3 1 #"<"
0 0 85 3 1 #" "
0 0 22 3 1 #"("
0 0 14 3 15 #"fighter-stealth"
0 0 85 3 1 #" "
0 0 14 3 8 #"fighter1"
0 0 22 3 1 #")"
0 0 85 3 1 #" "
0 0 85 29 1 #"\n"
0 0 85 3 8 #"        "
0 0 22 3 1 #"("
0 0 14 3 15 #"fighter-stealth"
0 0 85 3 1 #" "
0 0 14 3 8 #"fighter2"
0 0 22 3 2 #"))"
0 0 85 3 1 #" "
0 0 14 3 8 #"fighter2"
0 0 22 3 1 #"]"
0 0 85 29 1 #"\n"
0 0 85 3 4 #"    "
0 0 22 3 2 #"[("
0 0 14 3 1 #"="
0 0 85 3 1 #" "
0 0 22 3 1 #"("
0 0 14 3 15 #"fighter-stealth"
0 0 85 3 1 #" "
0 0 14 3 8 #"fighter1"
0 0 22 3 1 #")"
0 0 85 3 1 #" "
0 0 85 29 1 #"\n"
0 0 85 3 8 #"        "
0 0 22 3 1 #"("
0 0 14 3 15 #"fighter-stealth"
0 0 85 3 1 #" "
0 0 14 3 8 #"fighter2"
0 0 22 3 2 #"))"
0 0 85 3 1 #" "
0 0 22 3 1 #"("
0 0 15 3 4 #"cond"
0 0 85 29 1 #"\n"
0 0 85 3 38 #"                                      "
0 0 22 3 2 #"[("
0 0 14 3 1 #">"
0 0 85 3 1 #" "
0 0 22 3 1 #"("
0 0 14 3 14 #"fighter-combat"
0 0 85 3 1 #" "
0 0 14 3 8 #"fighter1"
0 0 22 3 1 #")"
0 0 85 3 1 #" "
0 0 85 29 1 #"\n"
0 0 85 3 42 #"                                          "
0 0 22 3 1 #"("
0 0 14 3 14 #"fighter-combat"
0 0 85 3 1 #" "
0 0 14 3 8 #"fighter2"
0 0 22 3 2 #"))"
0 0 85 3 1 #" "
0 0 14 3 8 #"fighter1"
0 0 22 3 1 #"]"
0 0 85 29 1 #"\n"
0 0 85 3 38 #"                                      "
0 0 22 3 2 #"[("
0 0 14 3 1 #"<"
0 0 85 3 1 #" "
0 0 22 3 1 #"("
0 0 14 3 14 #"fighter-combat"
0 0 85 3 1 #" "
0 0 14 3 8 #"fighter1"
0 0 22 3 1 #")"
0 0 85 3 1 #" "
0 0 85 29 1 #"\n"
0 0 85 3 42 #"                                          "
0 0 22 3 1 #"("
0 0 14 3 14 #"fighter-combat"
0 0 85 3 1 #" "
0 0 14 3 8 #"fighter2"
0 0 22 3 2 #"))"
0 0 85 3 1 #" "
0 0 14 3 8 #"fighter2"
0 0 22 3 1 #"]"
0 0 85 29 1 #"\n"
0 0 85 3 38 #"                                      "
0 0 22 3 1 #"["
0 0 14 3 4 #"else"
0 0 85 3 1 #" "
0 0 19 3 5 #"\"tie\""
0 0 22 3 5 #"])]))"
0 0 85 29 1 #"\n"
0 0 85 29 1 #"\n"
0 0 17 3 48 #";; deadliest-warrior: fighter fighter -> fighter"
0 0 85 29 1 #"\n"
0 0 17 3 25 #";; consumes: two fighters"
0 0 85 29 1 #"\n"
0 0 17 3 33 #";; produces: who is the deadliest"
0 0 85 29 1 #"\n"
0 0 22 3 1 #"("
0 0 15 3 6 #"define"
0 0 85 3 1 #" "
0 0 22 3 1 #"("
0 0 14 3 17 #"deadliest-warrior"
0 0 85 3 1 #" "
0 0 14 3 8 #"fighter1"
0 0 85 3 1 #" "
0 0 14 3 8 #"fighter2"
0 0 22 3 1 #")"
0 0 85 29 1 #"\n"
0 0 85 3 2 #"  "
0 0 22 3 1 #"("
0 0 15 3 4 #"cond"
0 0 85 29 1 #"\n"
0 0 85 3 4 #"    "
0 0 22 3 2 #"[("
0 0 14 3 9 #"fighter=?"
0 0 85 3 1 #" "
0 0 14 3 8 #"fighter1"
0 0 85 3 1 #" "
0 0 14 3 8 #"fighter2"
0 0 22 3 1 #")"
0 0 85 3 1 #" "
0 0 19 3 37 #"\"same fighter-make another selection\""
0 0 22 3 1 #"]"
0 0 85 29 1 #"\n"
0 0 85 3 4 #"    "
0 0 22 3 1 #"["
0 0 14 3 4 #"else"
0 0 85 3 1 #" "
0 0 22 3 1 #"("
0 0 15 3 4 #"cond"
0 0 85 29 1 #"\n"
0 0 85 3 12 #"            "
0 0 22 3 2 #"[("
0 0 14 3 3 #"and"
0 0 85 3 1 #" "
0 0 22 3 1 #"("
0 0 14 3 9 #"fighter=?"
0 0 85 3 1 #" "
0 0 14 3 8 #"fighter1"
0 0 85 3 1 #" "
0 0 85 29 1 #"\n"
0 0 85 3 29 #"                             "
0 0 22 3 1 #"("
0 0 14 3 12 #"best-fighter"
0 0 85 3 1 #" "
0 0 14 3 8 #"fighter1"
0 0 85 3 1 #" "
0 0 14 3 8 #"fighter2"
0 0 22 3 2 #"))"
0 0 85 29 1 #"\n"
0 0 85 3 18 #"                  "
0 0 22 3 1 #"("
0 0 14 3 9 #"fighter=?"
0 0 85 3 1 #" "
0 0 14 3 8 #"fighter1"
0 0 85 3 1 #" "
0 0 85 29 1 #"\n"
0 0 85 3 29 #"                             "
0 0 22 3 1 #"("
0 0 14 3 9 #"best-mage"
0 0 85 3 1 #" "
0 0 14 3 8 #"fighter1"
0 0 85 3 1 #" "
0 0 14 3 8 #"fighter2"
0 0 22 3 3 #")))"
0 0 85 3 1 #" "
0 0 14 3 8 #"fighter1"
0 0 22 3 1 #"]"
0 0 85 29 1 #"\n"
0 0 85 3 12 #"            "
0 0 22 3 2 #"[("
0 0 14 3 3 #"and"
0 0 85 3 1 #" "
0 0 22 3 1 #"("
0 0 14 3 9 #"fighter=?"
0 0 85 3 1 #" "
0 0 14 3 8 #"fighter1"
0 0 85 3 1 #" "
0 0 85 29 1 #"\n"
0 0 85 3 29 #"                             "
0 0 22 3 1 #"("
0 0 14 3 12 #"best-fighter"
0 0 85 3 1 #" "
0 0 14 3 8 #"fighter1"
0 0 85 3 1 #" "
0 0 14 3 8 #"fighter2"
0 0 22 3 2 #"))"
0 0 85 29 1 #"\n"
0 0 85 3 18 #"                  "
0 0 22 3 1 #"("
0 0 14 3 9 #"fighter=?"
0 0 85 3 1 #" "
0 0 14 3 8 #"fighter1"
0 0 85 3 1 #" "
0 0 85 29 1 #"\n"
0 0 85 3 29 #"                             "
0 0 22 3 1 #"("
0 0 14 3 13 #"best-assassin"
0 0 85 3 1 #" "
0 0 14 3 8 #"fighter1"
0 0 85 3 1 #" "
0 0 14 3 8 #"fighter2"
0 0 22 3 3 #")))"
0 0 85 3 1 #" "
0 0 14 3 8 #"fighter1"
0 0 22 3 1 #"]"
0 0 85 29 1 #"\n"
0 0 85 3 12 #"            "
0 0 22 3 2 #"[("
0 0 14 3 3 #"and"
0 0 85 3 1 #" "
0 0 22 3 1 #"("
0 0 14 3 9 #"fighter=?"
0 0 85 3 1 #" "
0 0 14 3 8 #"fighter1"
0 0 85 3 1 #" "
0 0 85 29 1 #"\n"
0 0 85 3 29 #"                             "
0 0 22 3 1 #"("
0 0 14 3 13 #"best-assassin"
0 0 85 3 1 #" "
0 0 14 3 8 #"fighter1"
0 0 85 3 1 #" "
0 0 14 3 8 #"fighter2"
0 0 22 3 2 #"))"
0 0 85 29 1 #"\n"
0 0 85 3 18 #"                  "
0 0 22 3 1 #"("
0 0 14 3 9 #"fighter=?"
0 0 85 3 1 #" "
0 0 14 3 8 #"fighter1"
0 0 85 3 1 #" "
0 0 85 29 1 #"\n"
0 0 85 3 29 #"                             "
0 0 22 3 1 #"("
0 0 14 3 9 #"best-mage"
0 0 85 3 1 #" "
0 0 14 3 8 #"fighter1"
0 0 85 3 1 #" "
0 0 14 3 8 #"fighter2"
0 0 22 3 3 #")))"
0 0 85 3 1 #" "
0 0 14 3 8 #"fighter1"
0 0 22 3 1 #"]"
0 0 85 29 1 #"\n"
0 0 85 3 12 #"            "
0 0 22 3 1 #"["
0 0 14 3 4 #"else"
0 0 85 3 1 #" "
0 0 14 3 8 #"fighter2"
0 0 22 3 5 #"])]))"
0 0 85 29 1 #"\n"
0 0 85 29 1 #"\n"
0 0 22 3 1 #"("
0 0 14 3 12 #"check-expect"
0 0 85 3 1 #" "
0 0 22 3 1 #"("
0 0 14 3 17 #"deadliest-warrior"
0 0 85 3 1 #" "
0 0 14 3 4 #"mage"
0 0 85 3 1 #" "
0 0 14 3 7 #"warrior"
0 0 22 3 1 #")"
0 0 85 3 1 #" "
0 0 14 3 7 #"warrior"
0 0 22 3 1 #")"
0 0 85 29 1 #"\n"
0 0 22 3 1 #"("
0 0 14 3 12 #"check-expect"
0 0 85 3 1 #" "
0 0 22 3 1 #"("
0 0 14 3 17 #"deadliest-warrior"
0 0 85 3 1 #" "
0 0 14 3 7 #"warrior"
0 0 85 3 1 #" "
0 0 14 3 8 #"assassin"
0 0 22 3 1 #")"
0 0 85 3 1 #" "
0 0 14 3 8 #"assassin"
0 0 22 3 1 #")"
0 0 85 29 1 #"\n"
0 0 22 3 1 #"("
0 0 14 3 12 #"check-expect"
0 0 85 3 1 #" "
0 0 22 3 1 #"("
0 0 14 3 17 #"deadliest-warrior"
0 0 85 3 1 #" "
0 0 14 3 7 #"warrior"
0 0 85 3 1 #" "
0 0 14 3 8 #"assassin"
0 0 22 3 1 #")"
0 0 85 3 1 #" "
0 0 14 3 8 #"assassin"
0 0 22 3 1 #")"
0 0 85 29 1 #"\n"
0 0 22 3 1 #"("
0 0 14 3 12 #"check-expect"
0 0 85 3 1 #" "
0 0 22 3 1 #"("
0 0 14 3 17 #"deadliest-warrior"
0 0 85 3 1 #" "
0 0 14 3 7 #"acrobat"
0 0 85 3 1 #" "
0 0 14 3 6 #"archer"
0 0 22 3 1 #")"
0 0 85 3 1 #" "
0 0 14 3 7 #"acrobat"
0 0 22 3 1 #")"
0 0 85 29 1 #"\n"
0 0 22 3 1 #"("
0 0 14 3 12 #"check-expect"
0 0 85 3 1 #" "
0 0 22 3 1 #"("
0 0 14 3 17 #"deadliest-warrior"
0 0 85 3 1 #" "
0 0 14 3 6 #"knight"
0 0 85 3 1 #" "
0 0 14 3 10 #"battlemage"
0 0 22 3 1 #")"
0 0 85 3 1 #" "
0 0 14 3 6 #"knight"
0 0 22 3 1 #")"
0 0 85 29 1 #"\n"
0 0 22 3 1 #"("
0 0 14 3 12 #"check-expect"
0 0 85 3 1 #" "
0 0 22 3 1 #"("
0 0 14 3 17 #"deadliest-warrior"
0 0 85 3 1 #" "
0 0 14 3 8 #"sorceror"
0 0 85 3 1 #" "
0 0 14 3 5 #"thief"
0 0 22 3 1 #")"
0 0 85 3 1 #" "
0 0 14 3 8 #"sorceror"
0 0 22 3 1 #")"
0 0 85 29 1 #"\n"
0 0 22 3 1 #"("
0 0 14 3 12 #"check-expect"
0 0 85 3 1 #" "
0 0 22 3 1 #"("
0 0 14 3 17 #"deadliest-warrior"
0 0 85 3 1 #" "
0 0 14 3 7 #"warrior"
0 0 85 3 1 #" "
0 0 14 3 7 #"warrior"
0 0 22 3 1 #")"
0 0 85 3 1 #" "
0 0 19 3 37 #"\"same fighter-make another selection\""
0 0 22 3 1 #")"
0 0 85 29 1 #"\n"
0 0 22 3 1 #"("
0 0 14 3 12 #"check-expect"
0 0 85 3 1 #" "
0 0 22 3 1 #"("
0 0 14 3 12 #"best-fighter"
0 0 85 3 1 #" "
0 0 14 3 7 #"warrior"
0 0 85 3 1 #" "
0 0 14 3 7 #"warrior"
0 0 22 3 1 #")"
0 0 85 3 1 #" "
0 0 19 3 5 #"\"tie\""
0 0 22 3 1 #")"
0 0 85 29 1 #"\n"
0 0 22 3 1 #"("
0 0 14 3 12 #"check-expect"
0 0 85 3 1 #" "
0 0 22 3 1 #"("
0 0 14 3 12 #"best-fighter"
0 0 85 3 1 #" "
0 0 14 3 7 #"warrior"
0 0 85 3 1 #" "
0 0 14 3 5 #"thief"
0 0 22 3 1 #")"
0 0 85 3 1 #" "
0 0 14 3 7 #"warrior"
0 0 22 3 1 #")"
0 0 85 29 1 #"\n"
0 0 22 3 1 #"("
0 0 14 3 12 #"check-expect"
0 0 85 3 1 #" "
0 0 22 3 1 #"("
0 0 14 3 12 #"best-fighter"
0 0 85 3 1 #" "
0 0 14 3 10 #"battlemage"
0 0 85 3 1 #" "
0 0 14 3 7 #"acrobat"
0 0 22 3 1 #")"
0 0 85 3 1 #" "
0 0 14 3 10 #"battlemage"
0 0 22 3 1 #")"
0 0 85 29 1 #"\n"
0 0 22 3 1 #"("
0 0 14 3 12 #"check-expect"
0 0 85 3 1 #" "
0 0 22 3 1 #"("
0 0 14 3 12 #"best-fighter"
0 0 85 3 1 #" "
0 0 14 3 5 #"thief"
0 0 85 3 1 #" "
0 0 14 3 4 #"mage"
0 0 22 3 1 #")"
0 0 85 3 1 #" "
0 0 14 3 4 #"mage"
0 0 22 3 1 #")"
0 0 85 29 1 #"\n"
0 0 22 3 1 #"("
0 0 14 3 12 #"check-expect"
0 0 85 3 1 #" "
0 0 22 3 1 #"("
0 0 14 3 9 #"best-mage"
0 0 85 3 1 #" "
0 0 14 3 6 #"archer"
0 0 85 3 1 #" "
0 0 14 3 7 #"acrobat"
0 0 22 3 1 #")"
0 0 85 3 1 #" "
0 0 14 3 7 #"acrobat"
0 0 22 3 1 #")"
0 0 85 29 1 #"\n"
0 0 22 3 1 #"("
0 0 14 3 12 #"check-expect"
0 0 85 3 1 #" "
0 0 22 3 1 #"("
0 0 14 3 9 #"best-mage"
0 0 85 3 1 #" "
0 0 14 3 5 #"thief"
0 0 85 3 1 #" "
0 0 14 3 5 #"thief"
0 0 22 3 1 #")"
0 0 85 3 1 #" "
0 0 19 3 5 #"\"tie\""
0 0 22 3 1 #")"
0 0 85 29 1 #"\n"
0 0 22 3 1 #"("
0 0 14 3 12 #"check-expect"
0 0 85 3 1 #" "
0 0 22 3 1 #"("
0 0 14 3 13 #"best-assassin"
0 0 85 3 1 #" "
0 0 14 3 5 #"thief"
0 0 85 3 1 #" "
0 0 14 3 5 #"thief"
0 0 22 3 1 #")"
0 0 85 3 1 #" "
0 0 19 3 5 #"\"tie\""
0 0 22 3 1 #")"
0 0 85 29 1 #"\n"
0 0 22 3 1 #"("
0 0 14 3 12 #"check-expect"
0 0 4 3 1 #" "
0 0 22 3 1 #"("
0 0 14 3 13 #"best-assassin"
0 0 4 3 1 #" "
0 0 14 3 9 #"barbarian"
0 0 4 3 1 #" "
0 0 14 3 6 #"knight"
0 0 22 3 1 #")"
0 0 4 3 1 #" "
0 0 14 3 9 #"barbarian"
0 0 22 3 1 #")"
0           0
